1 34.910387
2 33.188439
3 31.505308
4 29.840335
5 28.186108
6 26.539042
7 24.897111
8 23.259053
9 21.624025
10 19.991436
11 18.360852
12 16.731948
13 15.104472
14 13.478225
15 11.853047
16 10.228810
17 8.605456
18 6.983012
19 5.364269
20 3.825512
21 3.009389
22 2.911775
23 2.917997
24 2.904557
25 2.914086
26 2.902086
27 2.875309
28 2.906163
29 2.919854
30 2.904510
31 2.895527
32 2.913812
33 2.895343
34 2.894149
35 2.891197
36 2.888185
37 2.911201
38 2.907169
39 2.885577
40 2.880039
41 2.912041
42 2.916576
43 2.888652
44 2.895282
45 2.898248
46 2.907041
47 2.901502
48 2.901137
49 2.905002
50 2.902926
